-5.00252	-4.92423	-4.7747	-4.56901	-4.31864	-4.03289	-3.71962	-3.38576	-3.03758	-2.68096	-2.32156	-1.96494	-1.61676	-1.2829	-0.969632	-0.683878	-0.433508	-0.227823	-0.0782949	0	
0	0.00541277	0.0160311	0.0311925	0.0505518	0.0739261	0.101231	0.132452	0.167658	0.207031	0.250951	0.300131	0.355892	0.42074	0.49968	0.603585	0.752657	0.878736	0.960055	1	
0	1	
0	1	
0	1	
0	1	
0	1	
0	0.5	1	
0	0.5	1	
0	0.333333	0.666667	1	
0	0.25	0.5	0.75	1	
0	0.25	0.5	0.75	1	
0	0.2	0.4	0.6	0.8	1	
0	0.166667	0.333333	0.5	0.666667	0.833333	1	
0	0.142857	0.285714	0.428571	0.571429	0.714286	0.857143	1	
0	0.125	0.25	0.375	0.5	0.625	0.75	0.875	1	
0	0.111111	0.222222	0.333333	0.444444	0.555556	0.666667	0.777778	0.888889	1	
0	0.0909091	0.181818	0.272727	0.363636	0.454545	0.545455	0.636364	0.727273	0.818182	0.909091	1	
0	0.0714286	0.142857	0.214286	0.285714	0.357143	0.428571	0.5	0.571429	0.642857	0.714286	0.785714	0.857143	0.928571	1	
0	0.0625	0.125	0.1875	0.25	0.3125	0.375	0.4375	0.5	0.5625	0.625	0.6875	0.75	0.8125	0.875	0.9375	1	
0	0.0555556	0.111111	0.166667	0.222222	0.277778	0.333333	0.388889	0.444444	0.5	0.555556	0.611111	0.666667	0.722222	0.777778	0.833333	0.888889	0.944444	1	
