-5.00252	0.000000e+00
-4.989985e+00	8.468651e-04
-4.977447e+00	1.712846e-03
-4.964909e+00	2.580817e-03
-4.952372e+00	3.450949e-03
-4.939834e+00	4.323513e-03
-4.927297e+00	5.198256e-03
-4.914759e+00	6.074925e-03
-4.902221e+00	6.953854e-03
-4.889684e+00	7.835711e-03
-4.877146e+00	8.720253e-03
-4.864608e+00	9.606449e-03
-4.852071e+00	1.049516e-02
-4.839533e+00	1.138546e-02
-4.826995e+00	1.227936e-02
-4.814458e+00	1.317520e-02
-4.801920e+00	1.407327e-02
-4.789382e+00	1.497361e-02
-4.776845e+00	1.587620e-02
-4.764307e+00	1.678088e-02
-4.751769e+00	1.768892e-02
-4.739232e+00	1.859910e-02
-4.726694e+00	1.951099e-02
-4.714156e+00	2.042593e-02
-4.701619e+00	2.134320e-02
-4.689081e+00	2.226241e-02
-4.676544e+00	2.318474e-02
-4.664006e+00	2.410887e-02
-4.651468e+00	2.503589e-02
-4.638931e+00	2.596526e-02
-4.626393e+00	2.689643e-02
-4.613855e+00	2.783122e-02
-4.601318e+00	2.876777e-02
-4.588780e+00	2.970628e-02
-4.576242e+00	3.064846e-02
-4.563705e+00	3.159265e-02
-4.551167e+00	3.253896e-02
-4.538629e+00	3.348749e-02
-4.526092e+00	3.443948e-02
-4.513554e+00	3.539373e-02
-4.501016e+00	3.635030e-02
-4.488479e+00	3.730925e-02
-4.475941e+00	3.827061e-02
-4.463403e+00	3.923442e-02
-4.450866e+00	4.020115e-02
-4.438328e+00	4.117055e-02
-4.425791e+00	4.214242e-02
-4.413253e+00	4.311680e-02
-4.400715e+00	4.409369e-02
-4.388178e+00	4.507313e-02
-4.375640e+00	4.605513e-02
-4.363102e+00	4.703970e-02
-4.350565e+00	4.802686e-02
-4.338027e+00	4.901662e-02
-4.325489e+00	5.000898e-02
-4.312952e+00	5.100395e-02
-4.300414e+00	5.200155e-02
-4.287876e+00	5.300178e-02
-4.275339e+00	5.400464e-02
-4.262801e+00	5.501013e-02
-4.250263e+00	5.601827e-02
-4.237726e+00	5.702906e-02
-4.225188e+00	5.804249e-02
-4.212650e+00	5.905859e-02
-4.200113e+00	6.007734e-02
-4.187575e+00	6.109875e-02
-4.175038e+00	6.212282e-02
-4.162500e+00	6.314958e-02
-4.149962e+00	6.417913e-02
-4.137425e+00	6.521165e-02
-4.124887e+00	6.624687e-02
-4.112349e+00	6.728479e-02
-4.099812e+00	6.832542e-02
-4.087274e+00	6.936876e-02
-4.074736e+00	7.041481e-02
-4.062199e+00	7.146358e-02
-4.049661e+00	7.251508e-02
-4.037123e+00	7.356931e-02
-4.024586e+00	7.462629e-02
-4.012048e+00	7.568646e-02
-3.999510e+00	7.674949e-02
-3.986973e+00	7.781527e-02
-3.974435e+00	7.888383e-02
-3.961897e+00	7.995516e-02
-3.949360e+00	8.102928e-02
-3.936822e+00	8.210620e-02
-3.924285e+00	8.318591e-02
-3.911747e+00	8.426866e-02
-3.899209e+00	8.535460e-02
-3.886672e+00	8.644338e-02
-3.874134e+00	8.753499e-02
-3.861596e+00	8.862946e-02
-3.849059e+00	8.972679e-02
-3.836521e+00	9.082700e-02
-3.823983e+00	9.193009e-02
-3.811446e+00	9.303635e-02
-3.798908e+00	9.414584e-02
-3.786370e+00	9.525824e-02
-3.773833e+00	9.637357e-02
-3.761295e+00	9.749185e-02
-3.748757e+00	9.861309e-02
-3.736220e+00	9.973730e-02
-3.723682e+00	1.008645e-01
-3.711144e+00	1.019950e-01
-3.698607e+00	1.031288e-01
-3.686069e+00	1.042656e-01
-3.673531e+00	1.054054e-01
-3.660994e+00	1.065483e-01
-3.648456e+00	1.076942e-01
-3.635919e+00	1.088432e-01
-3.623381e+00	1.099954e-01
-3.610843e+00	1.111508e-01
-3.598306e+00	1.123096e-01
-3.585768e+00	1.134717e-01
-3.573230e+00	1.146368e-01
-3.560693e+00	1.158052e-01
-3.548155e+00	1.169768e-01
-3.535617e+00	1.181515e-01
-3.523080e+00	1.193296e-01
-3.510542e+00	1.205108e-01
-3.498004e+00	1.216954e-01
-3.485467e+00	1.228835e-01
-3.472929e+00	1.240750e-01
-3.460391e+00	1.252698e-01
-3.447854e+00	1.264680e-01
-3.435316e+00	1.276696e-01
-3.422778e+00	1.288745e-01
-3.410241e+00	1.300828e-01
-3.397703e+00	1.312945e-01
-3.385166e+00	1.325097e-01
-3.372628e+00	1.337283e-01
-3.360090e+00	1.349504e-01
-3.347553e+00	1.361761e-01
-3.335015e+00	1.374052e-01
-3.322477e+00	1.386380e-01
-3.309940e+00	1.398745e-01
-3.297402e+00	1.411146e-01
-3.284864e+00	1.423582e-01
-3.272327e+00	1.436055e-01
-3.259789e+00	1.448564e-01
-3.247251e+00	1.461110e-01
-3.234714e+00	1.473693e-01
-3.222176e+00	1.486313e-01
-3.209638e+00	1.498970e-01
-3.197101e+00	1.511665e-01
-3.184563e+00	1.524398e-01
-3.172025e+00	1.537169e-01
-3.159488e+00	1.549978e-01
-3.146950e+00	1.562826e-01
-3.134413e+00	1.575712e-01
-3.121875e+00	1.588638e-01
-3.109337e+00	1.601603e-01
-3.096800e+00	1.614607e-01
-3.084262e+00	1.627651e-01
-3.071724e+00	1.640735e-01
-3.059187e+00	1.653859e-01
-3.046649e+00	1.667024e-01
-3.034111e+00	1.680232e-01
-3.021574e+00	1.693480e-01
-3.009036e+00	1.706770e-01
-2.996498e+00	1.720102e-01
-2.983961e+00	1.733475e-01
-2.971423e+00	1.746890e-01
-2.958885e+00	1.760348e-01
-2.946348e+00	1.773848e-01
-2.933810e+00	1.787391e-01
-2.921272e+00	1.800977e-01
-2.908735e+00	1.814610e-01
-2.896197e+00	1.828287e-01
-2.883660e+00	1.842009e-01
-2.871122e+00	1.855774e-01
-2.858584e+00	1.869584e-01
-2.846047e+00	1.883438e-01
-2.833509e+00	1.897340e-01
-2.820971e+00	1.911291e-01
-2.808434e+00	1.925286e-01
-2.795896e+00	1.939328e-01
-2.783358e+00	1.953415e-01
-2.770821e+00	1.967554e-01
-2.758283e+00	1.981741e-01
-2.745745e+00	1.995975e-01
-2.733208e+00	2.010256e-01
-2.720670e+00	2.024589e-01
-2.708132e+00	2.038973e-01
-2.695595e+00	2.053405e-01
-2.683057e+00	2.067886e-01
-2.670519e+00	2.082424e-01
-2.657982e+00	2.097010e-01
-2.645444e+00	2.111645e-01
-2.632907e+00	2.126339e-01
-2.620369e+00	2.141082e-01
-2.607831e+00	2.155878e-01
-2.595294e+00	2.170731e-01
-2.582756e+00	2.185635e-01
-2.570218e+00	2.200596e-01
-2.557681e+00	2.215613e-01
-2.545143e+00	2.230683e-01
-2.532605e+00	2.245814e-01
-2.520068e+00	2.260996e-01
-2.507530e+00	2.276243e-01
-2.494992e+00	2.291542e-01
-2.482455e+00	2.306905e-01
-2.469917e+00	2.322322e-01
-2.457379e+00	2.337804e-01
-2.444842e+00	2.353342e-01
-2.432304e+00	2.368946e-01
-2.419766e+00	2.384608e-01
-2.407229e+00	2.400334e-01
-2.394691e+00	2.416124e-01
-2.382154e+00	2.431974e-01
-2.369616e+00	2.447894e-01
-2.357078e+00	2.463876e-01
-2.344541e+00	2.479922e-01
-2.332003e+00	2.496039e-01
-2.319465e+00	2.512222e-01
-2.306928e+00	2.528470e-01
-2.294390e+00	2.544790e-01
-2.281852e+00	2.561180e-01
-2.269315e+00	2.577640e-01
-2.256777e+00	2.594169e-01
-2.244239e+00	2.610771e-01
-2.231702e+00	2.627448e-01
-2.219164e+00	2.644198e-01
-2.206626e+00	2.661023e-01
-2.194089e+00	2.677923e-01
-2.181551e+00	2.694899e-01
-2.169013e+00	2.711953e-01
-2.156476e+00	2.729085e-01
-2.143938e+00	2.746297e-01
-2.131401e+00	2.763589e-01
-2.118863e+00	2.780962e-01
-2.106325e+00	2.798418e-01
-2.093788e+00	2.815957e-01
-2.081250e+00	2.833581e-01
-2.068712e+00	2.851290e-01
-2.056175e+00	2.869086e-01
-2.043637e+00	2.886971e-01
-2.031099e+00	2.904946e-01
-2.018562e+00	2.923009e-01
-2.006024e+00	2.941163e-01
-1.993486e+00	2.959414e-01
-1.980949e+00	2.977757e-01
-1.968411e+00	2.996194e-01
-1.955873e+00	3.014732e-01
-1.943336e+00	3.033365e-01
-1.930798e+00	3.052099e-01
-1.918260e+00	3.070933e-01
-1.905723e+00	3.089872e-01
-1.893185e+00	3.108913e-01
-1.880648e+00	3.128062e-01
-1.868110e+00	3.147317e-01
-1.855572e+00	3.166681e-01
-1.843035e+00	3.186157e-01
-1.830497e+00	3.205746e-01
-1.817959e+00	3.225447e-01
-1.805422e+00	3.245266e-01
-1.792884e+00	3.265202e-01
-1.780346e+00	3.285259e-01
-1.767809e+00	3.305438e-01
-1.755271e+00	3.325741e-01
-1.742733e+00	3.346169e-01
-1.730196e+00	3.366726e-01
-1.717658e+00	3.387414e-01
-1.705120e+00	3.408234e-01
-1.692583e+00	3.429189e-01
-1.680045e+00	3.450280e-01
-1.667507e+00	3.471513e-01
-1.654970e+00	3.492886e-01
-1.642432e+00	3.514405e-01
-1.629895e+00	3.536071e-01
-1.617357e+00	3.557888e-01
-1.604819e+00	3.579857e-01
-1.592282e+00	3.601982e-01
-1.579744e+00	3.624266e-01
-1.567206e+00	3.646712e-01
-1.554669e+00	3.669323e-01
-1.542131e+00	3.692102e-01
-1.529593e+00	3.715052e-01
-1.517056e+00	3.738178e-01
-1.504518e+00	3.761481e-01
-1.491980e+00	3.784966e-01
-1.479443e+00	3.808639e-01
-1.466905e+00	3.832500e-01
-1.454367e+00	3.856556e-01
-1.441830e+00	3.880808e-01
-1.429292e+00	3.905264e-01
-1.416754e+00	3.929927e-01
-1.404217e+00	3.954800e-01
-1.391679e+00	3.979888e-01
-1.379142e+00	4.005198e-01
-1.366604e+00	4.030733e-01
-1.354066e+00	4.056498e-01
-1.341529e+00	4.082501e-01
-1.328991e+00	4.108744e-01
-1.316453e+00	4.135236e-01
-1.303916e+00	4.161981e-01
-1.291378e+00	4.188985e-01
-1.278840e+00	4.216256e-01
-1.266303e+00	4.243799e-01
-1.253765e+00	4.271622e-01
-1.241227e+00	4.299731e-01
-1.228690e+00	4.328135e-01
-1.216152e+00	4.356839e-01
-1.203614e+00	4.385853e-01
-1.191077e+00	4.415186e-01
-1.178539e+00	4.444846e-01
-1.166001e+00	4.474841e-01
-1.153464e+00	4.505179e-01
-1.140926e+00	4.535873e-01
-1.128389e+00	4.566932e-01
-1.115851e+00	4.598366e-01
-1.103313e+00	4.630185e-01
-1.090776e+00	4.662403e-01
-1.078238e+00	4.695029e-01
-1.065700e+00	4.728078e-01
-1.053163e+00	4.761561e-01
-1.040625e+00	4.795492e-01
-1.028087e+00	4.829886e-01
-1.015550e+00	4.864757e-01
-1.003012e+00	4.900120e-01
-9.904744e-01	4.935993e-01
-9.779367e-01	4.972391e-01
-9.653991e-01	5.009333e-01
-9.528614e-01	5.046838e-01
-9.403238e-01	5.084924e-01
-9.277861e-01	5.123612e-01
-9.152485e-01	5.162924e-01
-9.027108e-01	5.202883e-01
-8.901732e-01	5.243512e-01
-8.776355e-01	5.284835e-01
-8.650979e-01	5.326881e-01
-8.525602e-01	5.369675e-01
-8.400226e-01	5.413248e-01
-8.274849e-01	5.457631e-01
-8.149473e-01	5.502855e-01
-8.024096e-01	5.548955e-01
-7.898720e-01	5.595967e-01
-7.773343e-01	5.643930e-01
-7.647967e-01	5.692884e-01
-7.522590e-01	5.742873e-01
-7.397214e-01	5.793942e-01
-7.271837e-01	5.846139e-01
-7.146461e-01	5.899516e-01
-7.021084e-01	5.954127e-01
-6.895708e-01	6.010029e-01
-6.770331e-01	6.067282e-01
-6.644955e-01	6.125949e-01
-6.519578e-01	6.186103e-01
-6.394202e-01	6.247818e-01
-6.268825e-01	6.311177e-01
-6.143449e-01	6.376272e-01
-6.018072e-01	6.443201e-01
-5.892696e-01	6.512073e-01
-5.767319e-01	6.583010e-01
-5.641943e-01	6.656142e-01
-5.516566e-01	6.731617e-01
-5.391190e-01	6.809597e-01
-5.265813e-01	6.890261e-01
-5.140437e-01	6.973806e-01
-5.015060e-01	7.060443e-01
-4.889684e-01	7.148648e-01
-4.764307e-01	7.235809e-01
-4.638931e-01	7.321932e-01
-4.513554e-01	7.407055e-01
-4.388178e-01	7.491210e-01
-4.262801e-01	7.574430e-01
-4.137425e-01	7.656746e-01
-4.012048e-01	7.738186e-01
-3.886672e-01	7.818778e-01
-3.761295e-01	7.898547e-01
-3.635919e-01	7.977519e-01
-3.510542e-01	8.055717e-01
-3.385166e-01	8.133163e-01
-3.259789e-01	8.209879e-01
-3.134413e-01	8.285884e-01
-3.009036e-01	8.361198e-01
-2.883660e-01	8.435840e-01
-2.758283e-01	8.509828e-01
-2.632907e-01	8.583177e-01
-2.507530e-01	8.655905e-01
-2.382154e-01	8.728028e-01
-2.256777e-01	8.799558e-01
-2.131401e-01	8.870513e-01
-2.006024e-01	8.940904e-01
-1.880648e-01	9.010745e-01
-1.755271e-01	9.080049e-01
-1.629895e-01	9.148828e-01
-1.504518e-01	9.217094e-01
-1.379142e-01	9.284858e-01
-1.253765e-01	9.352131e-01
-1.128389e-01	9.418923e-01
-1.003012e-01	9.485245e-01
-8.776355e-02	9.551107e-01
-7.522590e-02	9.616518e-01
-6.268825e-02	9.681486e-01
-5.015060e-02	9.746022e-01
-3.761295e-02	9.810133e-01
-2.507530e-02	9.873828e-01
-1.253765e-02	9.937114e-01
0.000000e+00	1.000000e+00
